9.017030715942382812e+00 3.866808652877807617e+00
7.687430381774902344e+00 8.629407882690429688e+00
8.360911369323730469e+00 9.139808654785156250e+00
7.003732681274414062e+00 8.153292655944824219e+00
9.638104438781738281e+00 4.240682601928710938e+00
6.243011474609375000e+00 8.755317687988281250e+00
1.025344944000244141e+01 4.031147956848144531e+00
1.073920154571533203e+01 3.709548711776733398e+00
1.142634963989257812e+01 3.292788743972778320e+00
1.156443023681640625e+01 4.615324974060058594e+00
1.152114677429199219e+01 5.321302413940429688e+00
1.154814720153808594e+01 5.455421447753906250e+00
5.550414562225341797e+00 1.051613807678222656e+01
4.970642089843750000e+00 1.329648017883300781e+01
3.966574907302856445e+00 8.971527099609375000e+00
4.063273429870605469e+00 1.448855161666870117e+00
4.084272861480712891e+00 4.775066852569580078e+00
4.394257068634033203e+00 2.253426742553710938e+01
3.918133497238159180e+00 2.546471977233886719e+01
4.210677146911621094e+00 1.414803123474121094e+01
4.414453029632568359e+00 1.326629829406738281e+01
3.858959436416625977e+00 3.256710052490234375e+01
3.816903352737426758e+00 2.577952766418457031e+01
4.407952308654785156e+00 1.298567104339599609e+01
6.010945320129394531e+00 5.099815845489501953e+00
6.013294696807861328e+00 1.892520546913146973e+00
6.312725543975830078e+00 1.180876827239990234e+01
6.542747020721435547e+00 1.476577091217041016e+01
5.977877616882324219e+00 5.615681171417236328e+00
6.012993812561035156e+00 1.077843189239501953e+01
6.153067111968994141e+00 1.987739372253417969e+01
6.400180339813232422e+00 1.748475074768066406e+01
6.601375102996826172e+00 2.074935340881347656e+01
6.937433719635009766e+00 3.170338821411132812e+01
7.311697483062744141e+00 3.278279113769531250e+01
7.686929225921630859e+00 3.508671569824218750e+01
8.076321601867675781e+00 3.427951049804687500e+01
8.170805931091308594e+00 3.048063087463378906e+01
8.124352455139160156e+00 3.084384346008300781e+01
8.233272552490234375e+00 3.062921524047851562e+01
8.262338638305664062e+00 3.085909843444824219e+01
6.843380928039550781e+00 1.627176666259765625e+01
7.129216670989990234e+00 1.760888290405273438e+01
7.448492527008056641e+00 1.925037002563476562e+01
7.804404258728027344e+00 2.180427742004394531e+01
5.671162605285644531e+00 2.473141860961914062e+01
6.562311649322509766e+00 2.955517387390136719e+01
6.337985515594482422e+00 3.050284004211425781e+01
6.602965831756591797e+00 3.355242156982421875e+01
6.144170761108398438e+00 3.117302703857421875e+01
5.794702529907226562e+00 2.844590568542480469e+01
4.264615058898925781e+00 2.387373924255371094e+01
5.413711071014404297e+00 2.503241920471191406e+01
5.158772468566894531e+00 1.944154739379882812e+01
4.669432640075683594e+00 2.376551437377929688e+01
4.792341709136962891e+00 2.051363563537597656e+01
8.155433654785156250e+00 2.457143592834472656e+01
8.518881797790527344e+00 2.744211578369140625e+01
8.880058288574218750e+00 2.645890617370605469e+01
9.445263862609863281e+00 3.130514144897460938e+01
1.043924999237060547e+01 3.356966781616210938e+01
4.839951038360595703e+00 1.833873939514160156e+01
5.061936378479003906e+00 2.754053878784179688e+01
5.531153678894042969e+00 3.343007278442382812e+01
6.989442825317382812e+00 3.854419708251953125e+01
7.613468647003173828e+00 4.120133972167968750e+01
6.502154827117919922e+00 3.960300064086914062e+01
6.003198623657226562e+00 3.951134490966796875e+01
8.069246292114257812e+00 4.522901916503906250e+01
8.614237785339355469e+00 4.734047317504882812e+01
9.034341812133789062e+00 5.297045135498046875e+01
9.521473884582519531e+00 5.330067443847656250e+01
1.123022079467773438e+01 3.874426269531250000e+01
1.124696445465087891e+01 4.401501464843750000e+01
1.103873348236083984e+01 3.555999374389648438e+01
1.095516872406005859e+01 4.005386352539062500e+01
9.998476028442382812e+00 5.725170135498046875e+01
1.508937740325927734e+01 8.488777160644531250e+01
1.570888900756835938e+01 8.529367065429687500e+01
1.652742767333984375e+01 8.684062194824218750e+01
1.441294670104980469e+01 7.789405059814453125e+01
1.388786411285400391e+01 7.520081329345703125e+01
1.711491203308105469e+01 8.549099731445312500e+01
1.793098640441894531e+01 8.557226562500000000e+01
1.846960258483886719e+01 8.590360260009765625e+01
1.918606948852539062e+01 8.767167663574218750e+01
1.970214462280273438e+01 9.081162261962890625e+01
2.005692291259765625e+01 9.746590423583984375e+01
2.043104171752929688e+01 1.039549331665039062e+02
1.300579357147216797e+01 6.158513641357421875e+01
1.248124694824218750e+01 6.742327880859375000e+01
1.198021316528320312e+01 6.710359191894531250e+01
1.169592475891113281e+01 6.790266418457031250e+01
1.043625068664550781e+01 5.650616455078125000e+01
1.124495697021484375e+01 6.165185546875000000e+01
1.092640876770019531e+01 6.082811355590820312e+01
1.108178138732910156e+01 3.075724601745605469e+01
1.060865783691406250e+01 3.574813842773437500e+01
1.111535263061523438e+01 2.846591567993164062e+01
1.144144916534423828e+01 2.913475608825683594e+01
1.159853363037109375e+01 2.833360290527343750e+01
1.196394252777099609e+01 2.923503684997558594e+01
1.356141281127929688e+01 6.538251495361328125e+01
